111111111111111111111111
111111111111111111111111
111111111111111111111111
111111111111111111111111
111111111111111111111111
111111111111111111111111
111111100001111111111111
111111111110011111111111
111111100000000001111111
111111100000011111111111
111111100000000001111111
111111100000000001111111
111111111110011111111111
111111111110011111111111
111111100000000001111111
111111100000000001111111
111111100000000001111111
111111100002200001111111
111111111111111111111111
111111111111111111111111
111111111111111111111111
111111111111111111111111
111111111111111111111111
111111111111111111111111