000001000001441000000100
000001000001001000000100
000001000001001000000100
001111111111001111111100
001000000000000000000100
001000111100001111000100
001000111100001111000100
001001111100011111000100
001000000000000000000100
001000000000000000000100
001000000000111111000100
001000111100111111000100
001000000000111111000100
001000000000113111000100
001000000000000000000100
001000000000111111000100
001000111100000000000100
001000111100000000000100
001000111100000000000100
001100111111111111111100
001111111111111111111100
000001111100000010000000
000001111100000010000000
000001111100000010000000